0 1
1 117
2 1373
3 801
4 736
5 1006
6 1409
7 1106
8 1326
9 1285
10 1200
11 1241
12 1487
13 1575
14 1941
15 2271
16 2911
17 3558
18 4036
19 3974
20 3860
21 4032
22 4517
23 4778
24 4770
25 5059
26 5227
27 5340
28 5662
29 5601
30 4700
31 4044
32 3595
33 3425
34 3162
35 3050
36 3019
37 2833
38 2477
39 2260
40 1799
41 1508
42 1339
43 1167
44 1030
45 892
46 854
47 799
48 796
49 827
50 766
51 747
52 817
53 826
54 865
55 875
56 896
57 972
58 980
59 1069
60 1173
61 1240
62 1308
63 1100
64 926
65 866
66 789
67 701
68 625
69 575
70 545
71 521
72 515
73 526
74 561
75 527
76 519
77 548
78 550
79 563
80 575
81 549
82 577
83 567
84 600
85 574
86 644
87 628
88 641
89 652
90 633
91 716
92 737
93 720
94 684
95 747
96 722
97 694
98 700
99 745
100 726
101 708
102 712
103 732
104 753
105 758
106 777
107 814
108 706
109 640
110 703
111 677
112 692
113 763
114 795
115 641
116 534
117 453
118 515
119 479
120 472
121 481
122 472
123 495
124 511
125 506
126 529
127 479
128 558
129 530
130 557
131 581
132 658
133 669
134 700
135 738
136 800
137 906
138 1014
139 990
140 821
141 819
142 798
143 845
144 862
145 796
146 764
147 816
148 823
149 898
150 948
151 979
152 997
153 975
154 998
155 1014
156 1067
157 1064
158 1054
159 1060
160 980
161 1102
162 1126
163 1121
164 1113
165 1158
166 1125
167 1255
168 1467
169 1549
170 1582
171 1588
172 1609
173 1491
174 1219
175 980
176 950
177 947
178 1149
179 1562
180 1832
181 1959
182 1690
183 1578
184 1516
185 1453
186 1566
187 1640
188 1576
189 1541
190 1618
191 1509
192 1373
193 1213
194 893
195 476
196 306
197 295
198 259
199 218
200 115
201 55
202 27
203 8
204 5
205 5
206 3
207 1
208 1
209 0
210 1
211 1
212 0
213 0
214 0
215 0
216 0
217 0
218 0
219 0
220 0
221 0
222 0
223 0
224 0
225 0
226 0
227 0
228 0
229 0
230 0
231 0
232 0
233 0
234 0
235 0
236 0
237 0
238 0
239 0
240 0
241 0
242 0
243 0
244 0
245 0
246 0
247 0
248 0
249 0
250 0
251 0
252 0
253 0
254 0
255 0
